honsha_lat: 35.6447199
honsha_lng: 139.7493365
fixed_distance: 1.5
